# R script for Peak Model
#  -- generated by MACS
p <- c(0.0351116410581,0.0413078130095,0.0474657369859,0.0533941731122,0.0594564771511,0.0596477170262,0.0589783774635,0.058729765626,0.058844509551,0.0593034852511,0.0594182291761,0.0591313693636,0.0590548734135,0.0595520970887,0.0590739974011,0.0591504933511,0.0595903450637,0.0599728248138,0.0603361805763,0.0598772048762,0.0598007089262,0.0600301967763,0.0596477170262,0.059035749426,0.0598007089262,0.0601831886763,0.0607186603264,0.0602405606388,0.0601831886763,0.0606039164014,0.0613497519141,0.060890776214,0.0612732559641,0.0617322316642,0.0611776360265,0.0614453718516,0.061158512039,0.0618087276142,0.0613497519141,0.0613879998891,0.0606421643764,0.0605274204514,0.0604509245014,0.0603553045638,0.0606995363389,0.060967272164,0.0613497519141,0.0615027438141,0.0616366117266,0.0615027438141,0.0614836198266,0.0616366117266,0.0617513556517,0.0620382154642,0.0625354391393,0.0617704796392,0.0615792397641,0.0613306279266,0.0612541319766,0.0613688759016,0.0616557357141,0.0621147114142,0.0618278516017,0.0612158840015,0.060967272164,0.0614071238766,0.0615218678016,0.0615218678016,0.0614644958391,0.0613115039391,0.0612732559641,0.0615409917891,0.0615601157766,0.0626501830644,0.0627840509769,0.0626501830644,0.0628222989519,0.0634533905396,0.0636637544021,0.0635681344646,0.0634725145271,0.0638167463021,0.0636637544021,0.063319522627,0.063281274652,0.0631091587645,0.0636828783896,0.0633386466145,0.0638741182647,0.0642565980147,0.0645052098523,0.0643330939648,0.0658247649901,0.0661307487902,0.06551878119,0.0664367325902,0.065557029165,0.0653084173275,0.0660160048651,0.0665323525278,0.0669339562654,0.0665706005028,0.0662072447402,0.0652319213775,0.0657100210651,0.0647155737148,0.06536578929,0.0651554254274,0.0644478378898,0.0646390777648,0.0642757220022,0.0644095899148,0.0642374740272,0.0649068135899,0.065480533215,0.0659012609401,0.0652701693525,0.0657291450526,0.0656526491026,0.0654996572025,0.0659012609401,0.0660351288526,0.0660160048651,0.0662646167027,0.0656908970776,0.0658056410026,0.0659586329026,0.0665323525278,0.0667427163903,0.0668574603153,0.0666279724653,0.0665706005028,0.0671060721529,0.0669913282279,0.0670104522154,0.067412055953,0.0683108833657,0.0684065033032,0.0681387674781,0.0680622715281,0.0682152634281,0.067718039753,0.0676606677905,0.0677754117155,0.067641543803,0.0679092796281,0.0673164360154,0.0663984846152,0.0670104522154,0.0667809643653,0.0672973120279,0.0679092796281,0.0678519076656,0.0677371637405,0.0681770154531,0.0678136596906,0.067565047853,0.0685786191907,0.0689419749533,0.0693053307159,0.069611314516,0.069687810466,0.0695539425535,0.0700511662286,0.0707205057912,0.0702615300911,0.0706440098412,0.0707970017412,0.0706248858537,0.0704336459787,0.0697451824285,0.0705483899037,0.0702041581286,0.069879050341,0.0693818266659,0.0699746702786,0.0705675138912,0.0704336459787,0.069649562491,0.0693818266659,0.069611314516,0.0691332148284,0.069687810466,0.0700702902161,0.0706822578162,0.0709499936413,0.0704527699662,0.0701276621786,0.0704718939537,0.0711603575038,0.0712368534538,0.0709691176288,0.0718296970665,0.0722886727666,0.0725946565667,0.0733787400543,0.0739524596795,0.074277567467,0.0743923113921,0.074009831642,0.0740289556295,0.0749277830422,0.074277567467,0.0742201955045,0.0745070553171,0.0744114353796,0.0744496833546,0.0738568397419,0.0750807749422,0.0761134702675,0.0767254378676,0.0765915699551,0.0766871898926,0.0766298179301,0.0769358017301,0.0769166777426,0.0764959500175,0.0780449930054,0.0777581331928,0.0774330254053,0.0780641169929,0.0778728771179,0.0774330254053,0.0771461655927,0.0764194540675,0.076285586155,0.0774139014178,0.07647682603,0.0758648584299,0.07617084223,0.0758074864674,0.0761899662175,0.0768401817926,0.0775286453428,0.0774712733803,0.0779684970554,0.0782362328804,0.0785039687055,0.0796514079558,0.0794027961182,0.0798235238433,0.0804737394185,0.0812960708811,0.0810474590436,0.0819654104438,0.0813725668312,0.0807032272685,0.0811239549936,0.0806267313185,0.0804737394185,0.0799000197933,0.0797470278933,0.0791159363056,0.0802442515684,0.0798235238433,0.0803207475184,0.080760599231,0.0812386989186,0.0815064347437,0.0825582540564,0.0836291973567,0.0841646690068,0.0845662727444,0.0843559088818,0.0838395612192,0.0846045207194,0.0849870004695,0.085044372432,0.0855607200946,0.085006124457,0.0840690490693,0.0837056933067,0.0840308010943,0.083036353744,0.0837821892567,0.082921609819,0.0825582540564,0.0824817581064,0.0834762054566,0.0843750328694,0.0849487524945,0.0853503562321,0.085082620407,0.0861344397198,0.0861344397198,0.0871862590325,0.0877791026451,0.0883336982828,0.0876261107451,0.0871097630825,0.0875113668201,0.087167135045,0.0883336982828,0.0885631861328,0.0891942777205,0.0889839138579,0.0886014341078,0.0891177817704,0.0899974851956,0.0908006926708,0.0921584957836,0.0942621344091,0.0952565817593,0.09793394001,0.100859910098,0.103460772399,0.10766804965,0.111798830951,0.114533561164,0.11877908639,0.121494692615,0.124076430928,0.126792037154,0.128685311917,0.129851875155,0.131171430293,0.130903694468,0.130234354905,0.131056686368,0.131075810355,0.131668653968,0.131840769855,0.131439166118,0.132051133718,0.133026457081,0.133638424681,0.134766739943,0.135780311281,0.136162791031,0.137042494456,0.137692710032,0.138725405357,0.14031269632,0.14038919227,0.141058531832,0.141268895695,0.141670499432,0.14253107887,0.142358962983,0.141479259557,0.140331820307,0.140255324357,0.139758100682,0.139069637132,0.139260877007,0.139585984795,0.139643356757,0.139012265169,0.14031269632,0.142205971083,0.143468154258,0.14329603837,0.144080121858,0.146183760484,0.146394124346,0.146183760484,0.146776604096,0.147426819671,0.147292951759,0.147082587896,0.146508868271,0.147273827771,0.146527992259,0.145514420921,0.145590916871,0.146260256434,0.146814852071,0.147025215934,0.146107264534,0.145610040858,0.146642736184,0.146757480109,0.147159083846,0.146642736184,0.146394124346,0.145916024658,0.145284933071,0.145074569208,0.146049892571,0.146279380421,0.147120835871,0.147560687584,0.147465067646,0.147694555496,0.147694555496,0.148249151134,0.147465067646,0.146853100046,0.147006091946,0.147254703784,0.146432372321,0.146700108146,0.147904919359,0.148421267022,0.149817318109,0.149740822159,0.15050578166,0.151022129322,0.151442857047,0.151748840847,0.152379932435,0.152666792248,0.152666792248,0.15257117231,0.150983881347,0.152207816547,0.152399056422,0.153909851435,0.152972776048,0.152131320597,0.152246064522,0.152150444585,0.152169568572,0.15325963586,0.153852479473,0.153508247698,0.154158463273,0.15333613181,0.153909851435,0.154464447073,0.154770430873,0.155286778536,0.155305902523,0.155172034611,0.155784002211,0.156376845823,0.156816697536,0.158748220274,0.159207195974,0.160086899399,0.159627923699,0.159838287562,0.160354635224,0.160106023387,0.160851858899,0.160603247062,0.161253462637,0.160201643324,0.161215214662,0.162420025875,0.162114042075,0.161215214662,0.16169331435,0.162209662012,0.1613108346,0.161100470737,0.160545875099,0.159761791612,0.159685295662,0.158078880711,0.158117128686,0.157849392861,0.156319473861,0.154923422773,0.154502695048,0.153125767948,0.152819784148,0.152093072622,0.15050578166,0.149626078234,0.149014110634,0.148115283221,0.146833976059,0.146853100046,0.145304057058,0.145457048958,0.144500849583,0.14352552622,0.143506402233,0.143085674508,0.142932682608,0.142798814695,0.143104798495,0.142129475133,0.143085674508,0.142626698808,0.142167723108,0.14184261532,0.14031269632,0.138362049594,0.136908626544,0.135837683244,0.135474327481,0.135091847731,0.133810540568,0.133829664556,0.133294192906,0.132892589168,0.133064705056,0.134097400381,0.134671120006,0.134785863931,0.134709367981,0.134326888231,0.133714920631,0.13272047328,0.132816093218,0.133045581068,0.131993761755,0.13164952998,0.132204125618,0.131439166118,0.130616834655,0.130597710667,0.130674206617,0.130215230917,0.128570567992,0.128589691979,0.129106039642,0.128035096342,0.127748236529,0.128168964254,0.128474948054,